N    |  logged   accept
-----|-------------------
0    |      0,   100.00 %
25   |     25,   100.00 %
50   |     50,   100.00 %
75   |     75,   100.00 %
100  |    100,   100.00 %
125  |    125,   100.00 %
150  |    150,   100.00 %
175  |    175,   100.00 %
200  |    200,   100.00 %
225  |    225,   100.00 %
250  |    250,   100.00 %
275  |    275,   100.00 %
300  |    300,   100.00 %
325  |    325,   100.00 %
350  |    350,   100.00 %
375  |    375,   100.00 %
400  |    400,   100.00 %
425  |    425,   100.00 %
450  |    450,   100.00 %
475  |    475,   100.00 %
500  |    500,   100.00 %
525  |    525,   100.00 %
550  |    550,   100.00 %
575  |    575,   100.00 %
600  |    600,   100.00 %
625  |    625,   100.00 %
650  |    650,   100.00 %
675  |    657,   97.33 %
680  |    650,   95.59 %
685  |    652,   95.18 %
690  |    584,   84.64 %
695  |    544,   78.27 %
700  |    265,   37.86 %
705  |    555,   78.72 %
710  |    710,   100.00 %
715  |    236,   33.01 %
720  |    445,   61.81 %
725  |    166,   22.90 %
730  |    438,   60.00 %
735  |    631,   85.85 %
740  |    740,   100.00 %
745  |    744,   99.87 %
750  |    750,   100.00 %
755  |    755,   100.00 %
760  |    760,   100.00 %
765  |    214,   27.97 %
770  |    761,   98.83 %
775  |    775,   100.00 %
780  |    749,   96.03 %
785  |    499,   63.57 %
790  |    234,   29.62 %
795  |    280,   35.22 %
800  |    192,   24.00 %
805  |    271,   33.66 %
810  |    810,   100.00 %
815  |    812,   99.63 %
820  |    814,   99.27 %
825  |    825,   100.00 %
830  |    335,   40.36 %
835  |    350,   41.92 %
840  |    795,   94.64 %
845  |    752,   88.99 %
850  |    441,   51.88 %
855  |    445,   52.05 %
860  |    833,   96.86 %
865  |    720,   83.24 %
870  |    257,   29.54 %
875  |    418,   47.77 %
880  |    798,   90.68 %
885  |    855,   96.61 %
890  |    890,   100.00 %
895  |    859,   95.98 %
900  |    167,   18.56 %
905  |    905,   100.00 %
910  |    857,   94.18 %
915  |    195,   21.31 %
920  |    920,   100.00 %
925  |    858,   92.76 %
930  |    617,   66.34 %
935  |    467,   49.95 %
940  |    423,   45.00 %
945  |    942,   99.68 %
950  |    907,   95.47 %
955  |    738,   77.28 %
960  |    484,   50.42 %
965  |    875,   90.67 %
970  |    940,   96.91 %
975  |    404,   41.44 %
980  |    600,   61.22 %
985  |    920,   93.40 %
990  |    962,   97.17 %
995  |    596,   59.90 %
1000 |    529,   52.90 %
1005 |    278,   27.66 %
1010 |   1010,   100.00 %
1015 |    187,   18.42 %
1020 |   1014,   99.41 %
1025 |    562,   54.83 %
1030 |    186,   18.06 %
1035 |   1035,   100.00 %
1040 |   1035,   99.52 %
1045 |   1045,   100.00 %
1050 |   1044,   99.43 %
1055 |    714,   67.68 %
1060 |    995,   93.87 %
1065 |   1006,   94.46 %
1070 |    320,   29.91 %
1075 |    602,   56.00 %
1080 |    553,   51.20 %
1085 |    807,   74.38 %
1090 |   1014,   93.03 %
1095 |    216,   19.73 %
1100 |   1057,   96.09 %
1105 |    776,   70.23 %
1110 |   1038,   93.51 %
1115 |    761,   68.25 %
1120 |    341,   30.45 %
1125 |   1085,   96.44 %
1130 |    534,   47.26 %
1135 |   1084,   95.51 %
1140 |   1052,   92.28 %
1145 |   1011,   88.30 %
1150 |    548,   47.65 %
1155 |    530,   45.89 %
1160 |    589,   50.78 %
1165 |    654,   56.14 %
1170 |    892,   76.24 %
1175 |    261,   22.21 %
1180 |    769,   65.17 %
1185 |    172,   14.51 %
1190 |   1190,   100.00 %
1195 |   1195,   100.00 %
1200 |   1200,   100.00 %
1205 |    427,   35.44 %
1210 |   1210,   100.00 %
1215 |   1163,   95.72 %
1220 |    191,   15.66 %
1225 |   1158,   94.53 %
1230 |    466,   37.89 %
1235 |    500,   40.49 %
1240 |   1215,   97.98 %
1245 |   1111,   89.24 %
1250 |    742,   59.36 %
1255 |   1235,   98.41 %
1260 |   1237,   98.17 %
1265 |   1059,   83.72 %
1270 |    664,   52.28 %
1275 |    856,   67.14 %
1280 |    453,   35.39 %
1285 |    345,   26.85 %
1290 |    865,   67.05 %
1295 |    597,   46.10 %
1300 |   1266,   97.38 %
1305 |   1158,   88.74 %
1310 |   1290,   98.47 %
1315 |    892,   67.83 %
1320 |   1320,   100.00 %
1325 |    749,   56.53 %
1330 |    955,   71.80 %
1335 |   1174,   87.94 %
1340 |   1065,   79.48 %
1345 |     93,   6.91 %
1350 |    806,   59.70 %
1355 |   1341,   98.97 %
1360 |   1358,   99.85 %
1365 |   1023,   74.95 %
1370 |   1367,   99.78 %
1375 |    952,   69.24 %
1380 |   1035,   75.00 %
1385 |    754,   54.44 %
1390 |    750,   53.96 %
1395 |    522,   37.42 %
1400 |   1385,   98.93 %
1405 |   1405,   100.00 %
1410 |   1402,   99.43 %
1415 |   1415,   100.00 %
1420 |   1420,   100.00 %
1425 |   1026,   72.00 %
1430 |    676,   47.27 %
1435 |    727,   50.66 %
1440 |    981,   68.12 %
1445 |    124,   8.58 %
1450 |   1362,   93.93 %
1455 |   1452,   99.79 %
1460 |   1198,   82.05 %
1465 |   1403,   95.77 %
1470 |   1470,   100.00 %
1475 |   1127,   76.41 %
1480 |   1004,   67.84 %
1485 |    505,   34.01 %
1490 |    439,   29.46 %
1495 |    332,   22.21 %
1500 |   1250,   83.33 %
1505 |   1428,   94.88 %
1510 |   1510,   100.00 %
1515 |   1285,   84.82 %
1520 |    930,   61.18 %
1525 |   1436,   94.16 %
1530 |    955,   62.42 %
1535 |   1131,   73.68 %
1540 |    516,   33.51 %
1545 |    569,   36.83 %
1550 |    738,   47.61 %
1555 |   1137,   73.12 %
1560 |   1247,   79.94 %
1565 |    843,   53.87 %
1570 |   1459,   92.93 %
1575 |   1432,   90.92 %
1580 |   1282,   81.14 %
1585 |    899,   56.72 %
1590 |    973,   61.19 %
1595 |    731,   45.83 %
1600 |    392,   24.50 %
1605 |    621,   38.69 %
1610 |   1450,   90.06 %
1615 |   1355,   83.90 %
1620 |   1620,   100.00 %
1625 |   1391,   85.60 %
1630 |   1181,   72.45 %
1635 |   1011,   61.83 %
1640 |    838,   51.10 %
1645 |   1463,   88.94 %
1650 |   1279,   77.52 %
1655 |   1646,   99.46 %
1660 |   1616,   97.35 %
1665 |   1552,   93.21 %
1670 |   1190,   71.26 %
1675 |    618,   36.90 %
1680 |    421,   25.06 %
1685 |    624,   37.03 %
1690 |   1540,   91.12 %
1695 |   1619,   95.52 %
1700 |   1700,   100.00 %
1705 |   1283,   75.25 %
1710 |   1300,   76.02 %
1715 |    674,   39.30 %
1720 |    901,   52.38 %
1725 |    773,   44.81 %
1730 |   1442,   83.35 %
1735 |    951,   54.81 %
1740 |   1566,   90.00 %
1745 |   1340,   76.79 %
1750 |    796,   45.49 %
1755 |   1300,   74.07 %
1760 |    768,   43.64 %
1765 |    176,   9.97 %
1770 |   1287,   72.71 %
1775 |   1624,   91.49 %
1780 |   1589,   89.27 %
1785 |    893,   50.03 %
1790 |   1137,   63.52 %
1795 |   1588,   88.47 %
1800 |    243,   13.50 %
1805 |   1426,   79.00 %
1810 |   1010,   55.80 %
1815 |   1767,   97.36 %
1820 |   1783,   97.97 %
1825 |   1561,   85.53 %
1830 |    621,   33.93 %
1835 |   1476,   80.44 %
1840 |   1053,   57.23 %
1845 |    479,   25.96 %
1850 |    532,   28.76 %
1855 |   1659,   89.43 %
1860 |   1694,   91.08 %
1865 |   1494,   80.11 %
1870 |   1282,   68.56 %
1875 |   1675,   89.33 %
1880 |   1316,   70.00 %
1885 |   1380,   73.21 %
1890 |    570,   30.16 %
1895 |   1314,   69.34 %
1900 |   1584,   83.37 %
1905 |   1325,   69.55 %
1910 |   1845,   96.60 %
1915 |   1559,   81.41 %
1920 |   1003,   52.24 %
1925 |   1328,   68.99 %
1930 |    628,   32.54 %
1935 |    866,   44.75 %
1940 |   1406,   72.47 %
1945 |   1945,   100.00 %
1950 |    562,   28.82 %
1955 |   1417,   72.48 %
1960 |   1213,   61.89 %
1965 |    983,   50.03 %
1970 |   1040,   52.79 %
1975 |   1975,   100.00 %
1980 |    784,   39.60 %
1985 |   1492,   75.16 %
1990 |   1574,   79.10 %
1995 |   1605,   80.45 %
2000 |   1048,   52.40 %
2005 |    788,   39.30 %
2010 |    884,   43.98 %
2015 |   1438,   71.36 %
2020 |   1847,   91.44 %
2025 |   1210,   59.75 %
2030 |   1162,   57.24 %
2035 |    918,   45.11 %
2040 |   1656,   81.18 %
2045 |    754,   36.87 %
2050 |   1336,   65.17 %
2055 |   1160,   56.45 %
2060 |   2017,   97.91 %
2065 |   1552,   75.16 %
2070 |   1335,   64.49 %
2075 |   1410,   67.95 %
2080 |   1460,   70.19 %
2085 |    232,   11.13 %
2090 |    785,   37.56 %
2095 |   1372,   65.49 %
2100 |    808,   38.48 %
2105 |   2017,   95.82 %
2110 |   1119,   53.03 %
2115 |   2050,   96.93 %
2120 |    631,   29.76 %
2125 |   1027,   48.33 %
2130 |   1905,   89.44 %
2135 |   1119,   52.41 %
2140 |   1761,   82.29 %
2145 |   1332,   62.10 %
2150 |    298,   13.86 %
2155 |    773,   35.87 %
2160 |    753,   34.86 %
2165 |   1912,   88.31 %
2170 |   1107,   51.01 %
2175 |   1739,   79.95 %
2180 |   1134,   52.02 %
2185 |   1698,   77.71 %
2190 |    470,   21.46 %
2195 |   1350,   61.50 %
2200 |   2014,   91.55 %
2205 |   1262,   57.23 %
2210 |    745,   33.71 %
2215 |   1064,   48.04 %
2220 |   1427,   64.28 %
2225 |   2183,   98.11 %
2230 |   1579,   70.81 %
2235 |   1942,   86.89 %
2240 |    919,   41.03 %
2245 |   1339,   59.64 %
2250 |   1196,   53.16 %
2255 |    793,   35.17 %
2260 |    879,   38.89 %
2265 |    648,   28.61 %
2270 |    591,   26.04 %
2275 |    898,   39.47 %
2280 |    926,   40.61 %
2285 |    865,   37.86 %
2290 |   1095,   47.82 %
2295 |    892,   38.87 %
2300 |   1755,   76.30 %
2305 |   1269,   55.05 %
2310 |    795,   34.42 %
2315 |    494,   21.34 %
2320 |    886,   38.19 %
2325 |   1784,   76.73 %
2330 |   1081,   46.39 %
2335 |   1538,   65.87 %
2340 |   1353,   57.82 %
2345 |   1090,   46.48 %
2350 |   1540,   65.53 %
2355 |   1314,   55.80 %
2360 |    608,   25.76 %
2365 |    508,   21.48 %
2370 |   1689,   71.27 %
2375 |   1756,   73.94 %
2380 |   2160,   90.76 %
2385 |   1186,   49.73 %
2390 |   1886,   78.91 %
2395 |   1603,   66.93 %
2400 |    214,   8.92 %
2405 |   1642,   68.27 %
2410 |   2351,   97.55 %
2415 |   1995,   82.61 %
2420 |   1766,   72.98 %
2425 |   2042,   84.21 %
2430 |   1328,   54.65 %
2435 |    230,   9.45 %
2440 |   1139,   46.68 %
2445 |   1876,   76.73 %
2450 |   2243,   91.55 %
2455 |   1830,   74.54 %
2460 |   1899,   77.20 %
2465 |   1063,   43.12 %
2470 |   1318,   53.36 %
2475 |   1454,   58.75 %
2480 |   1361,   54.88 %
2485 |   1113,   44.79 %
2490 |   1939,   77.87 %
2495 |   1086,   43.53 %
2500 |   1854,   74.16 %
2505 |   1858,   74.17 %
2510 |   1201,   47.85 %
2515 |   1692,   67.28 %
2520 |   1825,   72.42 %
2525 |   2403,   95.17 %
2530 |   2143,   84.70 %
2535 |   1511,   59.61 %
2540 |    422,   16.61 %
2545 |   1574,   61.85 %
2550 |   1859,   72.90 %
2555 |   2130,   83.37 %
2560 |   1756,   68.59 %
2565 |    980,   38.21 %
2570 |    788,   30.66 %
2575 |   1226,   47.61 %
2580 |   1755,   68.02 %
2585 |   1607,   62.17 %
2590 |   1623,   62.66 %
2595 |   2099,   80.89 %
2600 |   1319,   50.73 %
2605 |   1529,   58.69 %
2610 |   1975,   75.67 %
2615 |   1750,   66.92 %
2620 |   1543,   58.89 %
2625 |   1877,   71.50 %
2630 |   2381,   90.53 %
2635 |   2217,   84.14 %
2640 |   2235,   84.66 %
2645 |    195,   7.37 %
2650 |   1039,   39.21 %
2655 |   1330,   50.09 %
2660 |   2508,   94.29 %
2665 |   1624,   60.94 %
2670 |   2051,   76.82 %
2675 |   1725,   64.49 %
2680 |   2042,   76.19 %
2685 |   1256,   46.78 %
2690 |   1516,   56.36 %
2695 |   1949,   72.32 %
2700 |   2633,   97.52 %
2705 |   2612,   96.56 %
2710 |   1788,   65.98 %
2715 |   1247,   45.93 %
2720 |   1720,   63.24 %
2725 |   2590,   95.05 %
2730 |   1991,   72.93 %
2735 |   2361,   86.33 %
2740 |   1436,   52.41 %
2745 |   1122,   40.87 %
2750 |   2380,   86.55 %
2755 |   2755,   100.00 %
2760 |   2746,   99.49 %
2765 |   1003,   36.27 %
2770 |   1358,   49.03 %
2775 |   1573,   56.68 %
2780 |   2126,   76.47 %
2785 |   1498,   53.79 %
2790 |   2244,   80.43 %
2795 |   1344,   48.09 %
2800 |   1380,   49.29 %
2805 |   1281,   45.67 %
2810 |   1049,   37.33 %
2815 |   1475,   52.40 %
2820 |   1457,   51.67 %
2825 |   1175,   41.59 %
2830 |   1914,   67.63 %
2835 |   1740,   61.38 %
2840 |   1978,   69.65 %
2845 |   1659,   58.31 %
2850 |   2199,   77.16 %
2855 |   1154,   40.42 %
2860 |   1922,   67.20 %
2865 |   2514,   87.75 %
2870 |   1033,   35.99 %
2875 |   1978,   68.80 %
2880 |   1528,   53.06 %
2885 |   2354,   81.59 %
2890 |   1946,   67.34 %
2895 |   1359,   46.94 %
2900 |    466,   16.07 %
2905 |   1860,   64.03 %
2910 |   1858,   63.85 %
2915 |   1607,   55.13 %
2920 |   1340,   45.89 %
2925 |    792,   27.08 %
2930 |   2900,   98.98 %
2935 |   1601,   54.55 %
2940 |   2436,   82.86 %
2945 |   2288,   77.69 %
2950 |   1691,   57.32 %
2955 |   1355,   45.85 %
2960 |   1344,   45.41 %
2965 |   1951,   65.80 %
2970 |    924,   31.11 %
2975 |   2278,   76.57 %
2980 |   1590,   53.36 %
2985 |   1963,   65.76 %
2990 |    991,   33.14 %
2995 |   2587,   86.38 %
3000 |   2322,   77.40 %
3005 |   2433,   80.97 %
3010 |   1612,   53.55 %
3015 |   1130,   37.48 %
3020 |   2888,   95.63 %
3025 |   2504,   82.78 %
3030 |   1364,   45.02 %
3035 |   2193,   72.26 %
3040 |    393,   12.93 %
3045 |   2840,   93.27 %
3050 |   1999,   65.54 %
3055 |   2686,   87.92 %
3060 |   2075,   67.81 %
3065 |   1805,   58.89 %
3070 |   2999,   97.69 %
3075 |   2928,   95.22 %
3080 |   2819,   91.53 %
3085 |   1381,   44.76 %
3090 |   1171,   37.90 %
3095 |   2947,   95.22 %
3100 |    661,   21.32 %
3105 |   2630,   84.70 %
3110 |   1304,   41.93 %
3115 |   2869,   92.10 %
3120 |   2188,   70.13 %
3125 |   1250,   40.00 %
3130 |   1090,   34.82 %
3135 |   2233,   71.23 %
3140 |   2974,   94.71 %
3145 |   1431,   45.50 %
3150 |    769,   24.41 %
3155 |   1307,   41.43 %
3160 |   3023,   95.66 %
3165 |   2853,   90.14 %
3170 |   2532,   79.87 %
3175 |    692,   21.80 %
3180 |   2835,   89.15 %
3185 |   1893,   59.43 %
3190 |   1759,   55.14 %
3195 |    753,   23.57 %
3200 |   1292,   40.38 %
3205 |   2233,   69.67 %
3210 |   1499,   46.70 %
3215 |   1158,   36.02 %
3220 |   2193,   68.11 %
3225 |   1550,   48.06 %
3230 |   2355,   72.91 %
3235 |   2783,   86.03 %
3240 |    957,   29.54 %
3245 |   1353,   41.69 %
3250 |   3227,   99.29 %
3255 |   2180,   66.97 %
3260 |    790,   24.23 %
3265 |   2419,   74.09 %
3270 |    865,   26.45 %
3275 |   2563,   78.26 %
3280 |   2160,   65.85 %
3285 |    889,   27.06 %
3290 |    556,   16.90 %
3295 |   1267,   38.45 %
3300 |   1801,   54.58 %
3305 |   1777,   53.77 %
3310 |   1957,   59.12 %
3315 |   2681,   80.87 %
3320 |    242,   7.29 %
3325 |   2711,   81.53 %
3330 |   2767,   83.09 %
3335 |   1087,   32.59 %
3340 |   1771,   53.02 %
3345 |   2692,   80.48 %
3350 |   2391,   71.37 %
3355 |   2538,   75.65 %
3360 |   1162,   34.58 %
3365 |   1863,   55.36 %
3370 |   3347,   99.32 %
3375 |   3143,   93.13 %
3380 |   1566,   46.33 %
3385 |   1670,   49.34 %
3390 |   3199,   94.37 %
3395 |   2626,   77.35 %
